4850
7332
0 4641 4496 108.58722893440121
1 4496 4161 17.576290811166295
2 4161 885 52.06359924185047
3 885 3867 51.16246784855643
4 3867 3856 50.460125990979506
5 3856 887 64.42272438352487
6 887 1858 86.06223382432246
7 1858 898 14.24340630500927
8 898 1859 7.336739182708401
9 1859 1395 332.76163647373096
10 1395 897 256.88657368417233
11 897 1124 11.15264387468792
12 3722 579 208.8497647166966
13 579 4447 94.24207335955116
14 4447 4452 13.267906877975628
15 1001 2738 11.08293410140381
16 2738 2746 30.58744152556874
17 2746 2219 98.2150053372507
18 2219 4796 25.841044623352392
19 4796 3942 13.84752714980661
20 3942 804 25.935728833900576
21 804 805 41.3047961303876
22 805 794 81.91042401198645
23 794 2729 48.6840106301809
24 2729 2733 35.044229178524276
25 2733 1321 20.39685661785385
26 4691 345 18.268678549878338
27 345 4691 18.268678549878338
28 345 4349 24.92794944910208
29 4349 345 24.92794944910208
30 4349 4016 53.0694199972427
31 4016 4349 53.0694199972427
32 4016 586 74.85942717795015
33 586 4016 74.85942717795015
34 586 3357 37.10917418901325
35 3357 586 37.10917418901325
36 3357 1495 1.8843211985248798
37 1495 3357 1.8843211985248798
38 1495 4174 11.296756935012539
39 4174 1495 11.296756935012539
40 4174 4193 48.71546897920922
41 4193 4174 48.71546897920922
42 4193 4284 17.238490153664575
43 4284 4193 17.238490153664575
44 4284 4364 62.2744145269806
45 4364 4284 62.2744145269806
46 4364 4699 28.669080625010235
47 4699 4364 28.669080625010235
48 4699 594 28.399682721787187
49 594 4699 28.399682721787187
50 594 4703 59.70365646002149
51 4703 594 59.70365646002149
52 4703 249 13.325515612350001
53 249 4703 13.325515612350001
54 249 4366 10.760305135043705
55 4366 249 10.760305135043705
56 2496 2494 431.3061337347559
57 2494 2161 249.26756420515133
58 536 4244 186.6641375508612
59 4244 1592 175.96106804698584
60 1164 1207 408.98078009710304
61 1207 4067 264.73309528134104
62 4347 1394 15.344753163040549
63 1394 2781 87.37083243344743
64 2781 2751 19.89631257062103
65 2751 2756 21.00501965991649
66 2756 2741 21.151879052890365
67 2741 938 36.87567090651081
68 938 4264 46.60886189211017
69 4264 937 130.65214051056583
70 937 2736 31.021730169909876
71 2736 2596 22.591519438926547
72 2596 2600 19.50682148002401
73 2600 1260 50.70571928132621
74 1260 935 7.260804712429301
75 935 1346 8.160178452436181
76 1346 4333 134.8438147876688
77 4333 2953 138.51740379705407
78 2953 845 274.1629081905842
79 845 1453 13.94157246544412
80 4071 783 198.29182262023673
81 783 4283 13.18888187857312
82 4283 4070 201.38542619600744
83 4319 3959 475.9817269457214
84 3959 834 326.897454571359
85 834 2318 114.17988715255005
86 2318 1286 57.47622611520546
87 1286 846 246.8841518749402
88 846 287 162.92967672557748
89 287 3676 142.33377598243192
90 4219 533 160.46837526385218
91 533 534 9.732136263823632
92 534 4220 88.76383731019605
93 4220 3350 44.781452871061006
94 3350 4043 94.31643981699231
95 4043 4218 157.48541834616694
96 4113 4281 201.37320928450245
97 745 2853 53.89106454368876
98 4438 2069 258.33179308210697
99 4223 2348 14.759820704744637
100 2348 51 146.05092123576924
101 51 4837 71.69928980931486
102 4837 2100 280.05209104194597
103 3185 2404 13.26383092471433
104 2404 2527 111.12346568105782
105 2527 1514 12.250846638036624
106 649 38 30.594069883593143
107 38 1636 229.66235565930148
108 1636 1611 14.265533716679592
109 1611 1273 9.072716211873757
110 1273 1686 141.00885580861691
111 1686 1681 145.86371644178416
112 1681 1089 18.004583477819914
113 1089 1945 8.308472903714717
114 1945 380 199.1751700008023
115 380 1318 10.540731462748612
116 1318 2325 207.70676803876006
117 2325 2338 22.74002193776748
118 2338 4597 4.815337328587914
119 4597 3371 12.833567456916963
120 3632 2790 172.97296085525886
121 2790 2961 12.872130999468
122 2961 2948 10.900925178017895
123 2948 2946 11.301941037520088
124 1486 3889 14.310315650369681
125 3889 1486 14.310315650369681
126 3889 4549 10.864074542093359
127 4549 3889 10.864074542093359
128 4549 4551 26.066049499960418
129 4551 4549 26.066049499960418
130 4551 4546 0.4552717900851061
131 4546 4551 0.4552717900851061
132 4546 4548 26.077110547852502
133 4548 4546 26.077110547852502
134 4548 1630 229.95628748622465
135 1630 4548 229.95628748622465
136 1630 3697 10.855361207279921
137 3697 1630 10.855361207279921
138 3697 3869 150.66783992366692
139 3869 3697 150.66783992366692
140 3869 1182 43.693615455491
141 1182 3869 43.693615455491
142 1182 3850 77.85147610503755
143 3850 1182 77.85147610503755
144 3850 3964 137.50233793309218
145 3964 3850 137.50233793309218
146 3964 2165 38.08343584331736
147 2165 3964 38.08343584331736
148 2165 4621 153.00112803080532
149 4621 2165 153.00112803080532
150 4621 174 235.9343604564004
151 174 4621 235.9343604564004
152 174 2458 16.813730513977937
153 2458 174 16.813730513977937
154 1416 284 179.32020498708724
155 284 1510 107.11720477427966
156 3965 3957 101.68902578492113
157 3957 4068 69.48734943115953
158 4068 4064 31.44644034384904
159 2753 2406 38.41986349480821
160 4321 4323 11.220314394916045
161 4323 4321 11.220314394916045
162 4323 903 201.8985384716109
163 903 4323 201.8985384716109
164 903 4557 91.92216706707204
165 4557 903 91.92216706707204
166 4557 4324 103.30880095355887
167 4324 4557 103.30880095355887
168 4324 4302 82.8261783720946
169 4302 4324 82.8261783720946
170 4302 4304 36.63071718228132
171 4304 4302 36.63071718228132
172 4304 1008 38.95168788187413
173 1008 4304 38.95168788187413
174 1008 767 8.887564861762586
175 767 1008 8.887564861762586
176 767 4305 25.12492031107091
177 4305 767 25.12492031107091
178 4305 4306 31.4424280022774
179 4306 4305 31.4424280022774
180 4306 4744 161.36923031425997
181 4744 4306 161.36923031425997
182 4744 4745 7.914627273466641
183 4745 4744 7.914627273466641
184 4641 4640 14.456301502520525
185 4142 546 231.43021820085255
186 781 4279 31.001243084541002
187 4279 783 37.90982387981485
188 1449 2594 37.622043801876224
189 2594 2601 161.23489242818923
190 2601 1425 110.55379532411925
191 1028 2749 62.13374046685697
192 2749 1064 190.33751148374336
193 1064 1057 195.19207964818872
194 1057 1059 231.66475052456752
195 1059 1060 134.1371222644158
196 1025 1026 227.76088233395166
197 1026 1030 172.2557278356645
198 1030 1032 67.79669386476462
199 1032 1028 144.56971626326214
200 607 1001 57.6092674031386
201 4175 3936 29.163981195364375
202 3936 880 25.091540760337473
203 880 2424 43.984799470921196
204 2424 2721 83.88525414864378
205 2721 2718 40.92868842426312
206 4172 4175 56.373189796656874
207 235 580 109.10585073360691
208 580 235 109.10585073360691
209 580 234 53.019811600759965
210 234 580 53.019811600759965
211 234 238 122.38688330072046
212 238 234 122.38688330072046
213 238 236 31.50670716618507
214 236 238 31.50670716618507
215 236 231 327.5831048109707
216 231 236 327.5831048109707
217 231 732 260.1844034030466
218 732 231 260.1844034030466
219 732 229 6.6029765520371715
220 229 732 6.6029765520371715
221 229 2897 6.179983267414075
222 2897 229 6.179983267414075
223 2897 2894 5.297440983796345
224 2894 2897 5.297440983796345
225 2894 904 5.499431527758401
226 904 2894 5.499431527758401
227 904 2896 4.9962792934039895
228 2896 904 4.9962792934039895
229 2896 228 17.73198306101013
230 228 2896 17.73198306101013
231 228 4608 82.19515783123333
232 4608 228 82.19515783123333
233 4608 2509 199.06722947501854
234 2509 4608 199.06722947501854
235 2509 2352 186.1385632908532
236 2352 2509 186.1385632908532
237 2352 1368 60.867553123725806
238 1368 2352 60.867553123725806
239 1368 2962 162.3652433753386
240 2962 1368 162.3652433753386
241 2962 1401 12.45366726677085
242 1401 2962 12.45366726677085
243 1401 2963 219.87869253484243
244 2963 1401 219.87869253484243
245 2963 2960 32.86386173800098
246 2960 2963 32.86386173800098
247 1027 2585 106.45244466211902
248 2585 2597 153.52142448186137
249 2597 1025 51.75283534184668
250 1861 4440 255.75202123307582
251 4581 2473 194.68302474973459
252 4446 176 150.57881238973
253 176 4163 247.92134017987928
254 4163 4170 15.720139161461502
255 4170 1795 202.08409227860312
256 4694 4627 155.8372590803834
257 4627 4696 81.48950344339217
258 4696 535 47.0323093067649
259 535 2395 74.11306032708487
260 2395 4445 185.24118806487968
261 1158 3603 142.45607941025884
262 3603 267 214.29573204758944
263 267 1354 201.45325461246225
264 1354 2154 9.140010404319952
265 2154 2499 177.39696245083792
266 2499 1844 135.94428645185045
267 3283 3276 74.1306896345284
268 3276 3278 32.061018463859256
269 3278 2530 36.07729978261787
270 2530 3289 35.3017252320217
271 3289 3284 32.519144937799375
272 3284 3285 30.942467386612147
273 3285 3286 35.31193497736036
274 3286 3288 28.422520721724847
275 3288 3264 29.101340218359727
276 3264 3265 20.62073782675585
277 3265 587 26.87596116221882
278 587 3266 33.51337148254227
279 3266 3267 57.95285906353139
280 3267 907 40.01575213079283
281 907 3263 45.991171278138204
282 1062 3269 10.32914403059464
283 3269 1053 162.75657118629826
284 1053 1040 88.37337220216813
285 1040 627 87.50996707712709
286 627 431 12.256362470273313
287 431 433 7.462787244770872
288 433 2862 216.55738826196796
289 2862 1614 2.311714354330892
290 1614 1583 10.175759577920946
291 1583 1585 10.69562259452579
292 1585 1567 9.783854186416605
293 1567 1540 308.11109317471823
294 1540 3970 183.42331908031892
295 3970 4259 6.968200149815204
296 4259 2850 148.35149379643366
297 2850 152 123.52085929372377
298 152 915 69.1594316054925
299 915 3191 42.07520177692317
300 3191 3183 45.186030557596744
301 3183 4759 79.04293139538419
302 4759 4760 18.952891230053325
303 4760 2849 153.71264093556962
304 2849 2853 64.38823322704016
305 182 183 18.369280334080344
306 183 175 13.155358016183074
307 175 177 45.680920055606464
308 177 838 13.994476951996745
309 838 180 10.159805934070576
310 180 851 13.917635085842598
311 851 181 58.64829445405866
312 181 843 129.25665224860003
313 843 858 14.679618667133951
314 858 171 12.21216605563799
315 171 882 10.185939102041463
316 882 173 13.916016210276078
317 173 2079 13.79797840037147
318 2079 2084 141.19075351317036
319 1121 1147 145.88373263960537
320 1147 856 7.9662665437260705
321 856 1150 16.6055530030131
322 1150 1143 17.873719693816067
323 1143 839 119.45394517466102
324 1510 327 47.10075993975822
325 327 3065 48.26599869847021
326 3065 3070 10.423809203454276
327 3070 3684 11.432750307964435
328 3685 3061 11.931097247869712
329 3061 3094 9.911059240183885
330 3094 3693 14.321017306591228
331 3693 3043 16.83622667521575
332 2944 1118 11.325836915288173
333 1118 1112 19.443890114731747
334 1112 2636 103.02228234915968
335 3684 3685 69.09027003806561
336 3398 294 13.288606976743607
337 294 911 23.49530786536306
338 911 3307 26.29684047190419
339 3307 299 87.28667735226342
340 4064 3308 20.46544510264882
341 3308 908 20.23717451858823
342 908 4040 35.8756531843741
343 4040 458 34.92109213975593
344 458 4041 51.83565607793101
345 4565 4563 59.868861320992764
346 4563 4571 48.71306405812141
347 4571 901 36.417536648486276
348 901 3263 46.979874843137196
349 2919 3502 15.463222377417955
350 3502 2921 12.59183768695545
351 2921 3343 14.114383254933244
352 3343 2924 12.17558324080915
353 2924 3337 15.549526161375235
354 3337 589 13.520882342191445
355 589 3311 14.590949018315191
356 3311 2925 14.875981698435806
357 2141 2118 377.7971631441995
358 4098 3767 348.97615999097366
359 3767 3107 110.02000692556105
360 3107 3104 305.598536032734
361 3104 734 319.60261538668175
362 734 756 26.497750069098867
363 756 3123 90.49811818278296
364 3123 1161 101.91869515226053
365 1161 3901 152.88286901571658
366 3901 4100 91.57455415828757
367 4100 66 44.32807717885708
368 66 2844 31.02274690674427
369 2844 64 8.435491513945562
370 64 4103 37.19068119692275
371 4103 46 30.25625715097312
372 46 1190 37.554073873654474
373 1190 1191 9.09256032178392
374 1191 4083 72.99636164919853
375 4083 491 46.16728458402648
376 491 4082 38.372922400031676
377 4082 2929 114.81250809942233
378 2211 2213 377.0491113675471
379 2213 3785 180.3500504917919
380 3785 2031 93.56477017905505
381 2031 2474 555.3731387742339
382 2281 419 305.68476491084544
383 419 2935 365.73877197038234
384 4044 4045 37.56067246344258
385 4045 123 244.89894932804623
386 3601 3272 221.4447261251784
387 3272 3004 784.9101863190523
388 2360 4747 14.2497319287634
389 4747 4412 187.79678819126556
390 4412 4558 252.41942017032974
391 4558 1339 17.669870781560505
392 2161 2497 23.29848466160126
393 2497 4402 183.89817349659143
394 4402 4413 63.78970726938727
395 4413 4403 176.57090363147057
396 4403 3601 25.202991577353878
397 1339 1966 249.15889987055857
398 1966 2281 431.2493810578045
399 3283 1939 50.08727428839168
400 1939 1259 35.80612994856507
401 1259 1941 36.75033301831061
402 1941 1942 30.028137195787266
403 1942 1301 25.32107076947473
404 1301 4207 30.64101646733097
405 4207 2581 67.5235152856861
406 2581 1964 98.96249782373978
407 1964 1966 89.00017993748722
408 2099 516 132.92431266872742
409 540 1135 270.24273061216195
410 1135 541 12.199983972596385
411 4774 528 129.76551689508378
412 3462 4593 15.379364329506169
413 4593 76 177.56406799062813
414 76 1845 75.79123514762989
415 1845 4201 19.10161050174388
416 4201 75 50.890309631330936
417 75 77 30.013127779170464
418 77 90 39.44403269183807
419 90 92 66.00867575584913
420 92 91 37.48141271521955
421 91 84 36.819419560176655
422 84 1839 36.178448899395704
423 1839 86 161.64755068976584
424 86 2271 332.5772654489609
425 2271 1834 24.680164283564903
426 1834 1304 139.36998429716843
427 1304 507 108.88380987233644
428 507 3244 135.40383778887292
429 3244 16 302.98144670216215
430 16 18 160.6138469908958
431 2225 637 325.93653118356724
432 637 2225 325.93653118356724
433 637 2378 8.083617875587612
434 2378 637 8.083617875587612
435 3245 2123 147.14814435374805
436 2123 3245 147.14814435374805
437 2123 3202 371.86646445840023
438 3202 2123 371.86646445840023
439 4125 4126 15.55242367862043
440 4126 4125 15.55242367862043
441 4126 4127 23.516585771068513
442 4127 4126 23.516585771068513
443 4127 4122 184.34927048546268
444 4122 4127 184.34927048546268
445 4122 2640 156.64732679701262
446 2640 4122 156.64732679701262
447 4837 4757 15.434347209288603
448 4757 4837 15.434347209288603
449 4757 769 149.53651272315264
450 769 4757 149.53651272315264
451 769 4761 112.31922259389394
452 4761 769 112.31922259389394
453 4622 3596 96.6315569357348
454 3596 4622 96.6315569357348
455 3596 4623 129.24005769482093
456 4623 3596 129.24005769482093
457 4623 4624 60.88265302501551
458 4624 4623 60.88265302501551
459 4624 2884 79.98791475896346
460 2884 4624 79.98791475896346
461 2884 4620 95.488329881439
462 4620 2884 95.488329881439
463 4620 4621 52.67107348295882
464 4621 4620 52.67107348295882
465 1908 3361 152.36426613135998
466 3361 1908 152.36426613135998
467 3361 3408 256.92679092803627
468 3408 3361 256.92679092803627
469 3408 44 148.57250740547326
470 44 3408 148.57250740547326
471 44 3413 49.779922723239174
472 3413 44 49.779922723239174
473 3413 3394 28.587865827736437
474 3394 3413 28.587865827736437
475 3394 3393 50.202472340897096
476 3393 3394 50.202472340897096
477 3393 4256 14.08818098591052
478 4256 3393 14.08818098591052
479 4256 2292 4.952801054433613
480 2292 4256 4.952801054433613
481 4173 1981 152.4074075416433
482 1981 4173 152.4074075416433
483 1981 233 25.885470970114106
484 233 1981 25.885470970114106
485 233 1979 2.761162741915047
486 1979 233 2.761162741915047
487 2299 1470 78.48871423814039
488 1470 1431 285.5784459747151
489 1431 1433 196.41897667767265
490 1433 2778 173.1891958524053
491 2778 1429 78.62476935280054
492 2069 3617 199.78117550220782
493 3617 1832 144.22055797412543
494 1586 954 141.23689320948145
495 954 1586 141.23689320948145
496 954 913 17.434720665888268
497 913 954 17.434720665888268
498 913 970 131.87528893330935
499 970 913 131.87528893330935
500 970 3988 29.126258072822495
501 3988 970 29.126258072822495
502 3988 2063 81.80760012354781
503 2063 3988 81.80760012354781
504 2063 3453 77.10333310326811
505 3453 2063 77.10333310326811
506 3453 1592 11.916737451217339
507 1592 3453 11.916737451217339
508 1592 2089 8.503589422291693
509 2089 1592 8.503589422291693
510 2089 3463 12.88402728768979
511 3463 2089 12.88402728768979
512 3463 1726 79.40193801408789
513 1726 3463 79.40193801408789
514 1726 1736 181.51805747426
515 1736 1726 181.51805747426
516 1736 1797 150.65336456568076
517 1797 1736 150.65336456568076
518 1797 2358 40.44784433328946
519 2358 1797 40.44784433328946
520 2358 3441 123.87911108210173
521 3441 2358 123.87911108210173
522 3441 3442 23.32361308192063
523 3442 3441 23.32361308192063
524 3442 3438 30.871321777561384
525 3438 3442 30.871321777561384
526 3438 3439 20.63908484847072
527 3439 3438 20.63908484847072
528 377 997 13.287589693076493
529 997 377 13.287589693076493
530 4227 2827 14.160279663404854
531 2827 2994 228.46576802783449
532 2994 2961 4.978209508011521
533 2118 3786 155.36466145841004
534 3786 3429 19.741712191662717
535 3429 3575 142.95206399438558
536 3575 2001 507.71269347801
537 3733 3153 63.2423938519337
538 3153 3733 63.2423938519337
539 3153 2337 123.37891076229084
540 2337 3153 123.37891076229084
541 2337 2353 223.03410985902434
542 2353 2337 223.03410985902434
543 2353 1345 496.02109766866516
544 1345 2353 496.02109766866516
545 1345 1384 10.397407169592444
546 1384 1345 10.397407169592444
547 1384 2309 8.011951196647173
548 2309 1384 8.011951196647173
549 2309 972 12.616861946885841
550 972 2309 12.616861946885841
551 553 2617 16.782614812323885
552 2617 553 16.782614812323885
553 2617 2622 107.07344788185529
554 2622 2617 107.07344788185529
555 2622 1569 48.77666202528537
556 1569 2622 48.77666202528537
557 1569 2626 58.43686257829702
558 2626 1569 58.43686257829702
559 2626 2657 126.06064710220038
560 2657 2626 126.06064710220038
561 101 905 73.95487765877142
562 905 101 73.95487765877142
563 905 889 79.18975651169858
564 889 905 79.18975651169858
565 889 848 54.44060136045459
566 848 889 54.44060136045459
567 848 553 46.83742175029348
568 553 848 46.83742175029348
569 553 809 6.284098874477889
570 809 553 6.284098874477889
571 809 1572 20.04724862113597
572 1572 809 20.04724862113597
573 1171 1136 252.09083842143548
574 1136 1171 252.09083842143548
575 1136 3908 135.89167459084905
576 3908 1136 135.89167459084905
577 3908 1133 58.73044453283411
578 1133 3908 58.73044453283411
579 1133 3894 173.11336472884807
580 3894 1133 173.11336472884807
581 3894 1130 71.049674795125
582 1130 3894 71.049674795125
583 1130 1134 114.1401801098321
584 1134 1130 114.1401801098321
585 1134 3904 44.90534627863909
586 3904 1134 44.90534627863909
587 3904 1137 50.802045413004706
588 1137 3904 50.802045413004706
589 1137 1174 66.35420394611093
590 1174 1137 66.35420394611093
591 1174 3449 18.072278102827724
592 3449 1174 18.072278102827724
593 109 4468 333.3366858137757
594 4468 109 333.3366858137757
595 4468 2515 106.00596355291468
596 2515 4468 106.00596355291468
597 2934 592 67.41632671359893
598 1978 1647 164.93279441129084
599 1647 1978 164.93279441129084
600 2849 916 164.53585262169915
601 916 2849 164.53585262169915
602 916 3588 9.129158210472184
603 3588 916 9.129158210472184
604 3588 357 95.21273061758791
605 357 3588 95.21273061758791
606 357 2166 164.34930534291863
607 2166 357 164.34930534291863
608 2576 4022 12.373811975255892
609 4022 2576 12.373811975255892
610 4022 154 84.66469464668947
611 154 4022 84.66469464668947
612 154 3731 90.74479131463283
613 3731 154 90.74479131463283
614 3731 1203 170.09110165104067
615 1203 3731 170.09110165104067
616 1203 4576 128.5227120236771
617 4576 1203 128.5227120236771
618 4576 4616 132.46684619721992
619 4616 4576 132.46684619721992
620 2424 4084 17.22776994245935
621 4084 2424 17.22776994245935
622 4084 3416 8.635044525850804
623 3416 4084 8.635044525850804
624 3416 3421 25.0084374958436
625 3421 3416 25.0084374958436
626 3421 3401 19.693951481244476
627 3401 3421 19.693951481244476
628 3401 3396 22.58713107059306
629 3396 3401 22.58713107059306
630 3396 3423 18.03134197654759
631 3423 3396 18.03134197654759
632 3423 3902 19.237473050334042
633 3902 3423 19.237473050334042
634 3902 3881 21.036958326007753
635 3881 3902 21.036958326007753
636 3881 3764 22.712462470402848
637 3764 3881 22.712462470402848
638 3764 3812 12.012395254742893
639 3812 3764 12.012395254742893
640 3812 2719 33.468703829861425
641 2719 3812 33.468703829861425
642 2719 2708 30.06382946709085
643 2708 2719 30.06382946709085
644 2708 2685 60.329207483520875
645 2685 2708 60.329207483520875
646 2685 2727 10.618671628266672
647 2727 2685 10.618671628266672
648 2727 3826 21.070345588340746
649 3826 2727 21.070345588340746
650 3826 3739 22.952829389353855
651 3739 3826 22.952829389353855
652 3739 3849 23.203331060825075
653 3849 3739 23.203331060825075
654 3849 3814 22.076651142936086
655 3814 3849 22.076651142936086
656 3814 3811 24.4289437997738
657 3811 3814 24.4289437997738
658 3811 2730 20.473809936267635
659 2730 3811 20.473809936267635
660 2730 4486 68.47197699800236
661 4486 2730 68.47197699800236
662 4486 3813 172.22580010878892
663 3813 4486 172.22580010878892
664 3813 3759 21.90905834627322
665 3759 3813 21.90905834627322
666 3759 3778 17.87271127497728
667 3778 3759 17.87271127497728
668 3778 3799 19.9643637221945
669 3799 3778 19.9643637221945
670 3799 3794 18.41411489513437
671 3794 3799 18.41411489513437
672 3794 3768 22.03027092863885
673 3768 3794 22.03027092863885
674 3768 3761 15.795343938105896
675 3761 3768 15.795343938105896
676 3761 4460 230.43272863846616
677 4460 3761 230.43272863846616
678 4460 4485 126.9956404827073
679 4485 4460 126.9956404827073
680 4485 711 44.11184981669882
681 711 4485 44.11184981669882
682 711 136 116.99194830602262
683 136 711 116.99194830602262
684 136 3665 31.53858331597988
685 3665 136 31.53858331597988
686 3665 4556 227.65465939680223
687 4556 3665 227.65465939680223
688 3694 1336 99.89897759015233
689 1336 3694 99.89897759015233
690 1336 598 113.85127645579543
691 598 1336 113.85127645579543
692 598 4685 12.016145729483734
693 4685 598 12.016145729483734
694 0 4540 15.25994884255017
695 4540 0 15.25994884255017
696 4540 2714 124.75400612153481
697 2714 4540 124.75400612153481
698 2714 4125 15.055726555786995
699 4125 2714 15.055726555786995
700 4125 2123 151.48669299110523
701 2123 4125 151.48669299110523
702 2123 170 86.69457687179647
703 170 2123 86.69457687179647
704 773 1923 20.223142346056562
705 1923 1925 50.979835230197764
706 1925 4376 17.608563001351055
707 4376 773 46.30274968583894
708 773 4425 22.63814307672521
709 1737 2459 190.3123450753359
710 2459 2472 53.86530599395646
711 846 2582 23.80396350029878
712 2582 2652 8.68188112609308
713 2652 1855 7.077275375470034
714 1855 1774 8.873865527197346
715 1774 2454 10.536883466061488
716 2454 2643 5.834186600115679
717 2643 1285 6.004697015822718
718 1285 1930 6.16830638732262
719 1930 2577 5.743113056829771
720 2577 626 13.038382480555285
721 1851 3651 13.656834010422411
722 3651 1851 13.656834010422411
723 3651 241 101.82328748812304
724 241 3651 101.82328748812304
725 241 1790 207.22336954605495
726 1790 241 207.22336954605495
727 834 751 47.985019409297934
728 751 2418 101.25082267526274
729 2418 1292 17.222538149711394
730 2263 2473 61.45729274305168
731 1795 1747 47.919618576983794
732 762 2627 32.36344405046616
733 2627 2654 6.06814575945611
734 2654 2672 5.418540989556272
735 2672 2477 8.380829853566865
736 2477 1317 8.297076188400252
737 1317 1854 12.219174472889565
738 1854 2578 7.321984538951126
739 2578 1732 5.41188430278078
740 1732 2427 12.421786753702476
741 207 3372 182.84447311808282
742 3372 4404 64.97049766568668
743 2148 3339 24.715011049800275
744 3339 2649 18.308591825214737
745 2649 2655 22.53360414835572
746 2655 2645 90.15531046693557
747 2645 2295 26.06172750307114
748 2847 2807 35.31384897599464
749 2807 2876 6.088901754738926
750 2876 2813 3.3076242430023237
751 2813 2840 3.872429179962144
752 2840 4678 1.9385403741107745
753 4678 2800 1.7034710563617375
754 2800 2802 2.5187969143715767
755 2802 2846 2.4146765436659523
756 2846 2879 2.317554484111574
757 2879 2806 2.164753721112257
758 2806 2798 2.9197952064392267
759 2798 2804 44.209191273392726
760 2630 2631 9.628802987805582
761 2631 2095 64.73753822419248
762 2095 1338 20.382492243470953
763 951 368 19.012234136964274
764 368 951 19.012234136964274
765 368 111 21.30259130776287
766 111 368 21.30259130776287
767 111 142 21.67250074494477
768 142 111 21.67250074494477
769 142 1350 11.84772028474975
770 1350 142 11.84772028474975
771 1350 2243 16.466582836120658
772 2243 1350 16.466582836120658
773 2243 2163 18.172231479759937
774 2163 2243 18.172231479759937
775 2163 124 19.244966831813322
776 124 2163 19.244966831813322
777 124 373 15.80504010768492
778 373 124 15.80504010768492
779 373 2229 19.511902644610842
780 2229 373 19.511902644610842
781 2229 2151 13.872884774465335
782 2151 2229 13.872884774465335
783 2151 407 13.223683800453067
784 407 2151 13.223683800453067
785 407 358 14.754324588112166
786 358 407 14.754324588112166
787 358 929 13.758734923853645
788 929 358 13.758734923853645
789 929 147 12.580023270875282
790 147 929 12.580023270875282
791 147 1718 16.61640347006415
792 1718 147 16.61640347006415
793 405 2226 10.99312615699493
794 2226 405 10.99312615699493
795 2226 1718 7.915196568721718
796 1718 2226 7.915196568721718
797 1718 3320 37.03953323958767
798 3320 1718 37.03953323958767
799 154 1350 22.938297682047644
800 1350 154 22.938297682047644
801 842 823 16.934695124164744
802 823 861 121.91774512812395
803 861 831 9.794901070838398
804 831 862 6.838308010836823
805 862 816 7.420401903439648
806 816 1150 10.644101548044306
807 843 859 14.958745824405291
808 859 832 9.13705199336551
809 832 883 8.520528860239665
810 883 824 9.468834775033065
811 824 844 12.840587624531809
812 844 864 140.72807627943337
813 860 847 16.158035802513727
814 847 820 22.50739354974099
815 820 852 18.02284358231899
816 852 4086 37.22495291643148
817 4086 829 26.267180470343938
818 839 1144 45.48836538929216
819 1144 819 16.041327320806527
820 819 1201 13.490855917516827
821 1201 1220 12.037501122637858
822 1220 1223 17.17800357742171
823 1223 841 17.486591013161114
824 841 1209 14.81101944368973
825 1209 1215 17.607283485948052
826 823 849 12.128120681820771
827 849 837 10.166013103887114
828 837 860 215.47435689448685
829 1476 42 68.7868623788821
830 3587 3553 68.16218163039748
831 3554 3532 61.20625263579246
832 1164 1266 102.97993588958387
833 1205 1207 67.89040735122568
834 3443 3446 42.76437122020354
835 1212 1131 89.15102549341375
836 1138 1162 87.71383748234679
837 4117 4115 688.6870091670231
838 1713 1710 97.78574896948976
839 1710 1713 97.78574896948976
840 1710 1714 42.82638697977013
841 1714 1710 42.82638697977013
842 1714 1715 36.52650300262672
843 1715 1714 36.52650300262672
844 1715 771 36.11587212401121
845 771 1715 36.11587212401121
846 771 1706 16.99604762350608
847 1706 771 16.99604762350608
848 2401 1157 3.6372223478664494
849 1157 2401 3.6372223478664494
850 1157 1159 145.2915994029053
851 1159 1157 145.2915994029053
852 1159 2042 70.2078700158426
853 2042 1159 70.2078700158426
854 770 2487 16.494197358544977
855 2487 770 16.494197358544977
856 2487 772 9.33801899192292
857 772 2487 9.33801899192292
858 2506 6 177.33698239238421
859 6 2506 177.33698239238421
860 6 2484 29.031580612908108
861 2484 6 29.031580612908108
862 2484 2504 11.048729946626732
863 2504 2484 11.048729946626732
864 2504 2508 7.202233804413883
865 2508 2504 7.202233804413883
866 2508 1121 8.80146621894835
867 1121 2508 8.80146621894835
868 2484 2525 6.534379464535778
869 2525 2484 6.534379464535778
870 2525 2502 4.734179447202574
871 2502 2525 4.734179447202574
872 2502 2084 8.26061013211376
873 2084 2502 8.26061013211376
874 570 1361 12.601853353990807
875 1361 568 22.697379834591043
876 568 2998 152.919529073035
877 2998 2999 52.03000836727182
878 2999 2007 86.4218526204293
879 2007 2006 34.70156465469763
880 2006 2004 49.071015991941415
881 2004 1390 23.357204198745627
882 1390 4325 29.665511543150643
883 4325 4326 57.597220999034256
884 4326 4322 28.336147255005283
885 4322 2003 27.1139849039138
886 2003 4743 51.694991070397364
887 4743 3243 9.34573636430785
888 3243 3983 85.46460302286476
889 3983 67 74.31493854551474
890 67 225 21.6554454436814
891 225 197 21.188488019857825
892 197 4573 87.39975975009577
893 4573 4538 35.21443901550786
894 4538 268 10.297249721251713
895 268 2146 52.86082006865998
896 722 1046 60.42301848631584
897 721 698 37.39306895568582
898 1046 1719 21.270627824341737
899 1719 4530 222.1795290648864
900 4530 2208 13.19810308279982
901 2208 4734 34.946888916665294
902 4734 4736 26.66353955811692
903 4736 538 57.95223704818232
904 538 3488 17.924068299733797
905 3488 2350 228.79535008635514
906 2350 4756 14.632271877522976
907 4756 4223 14.332339762417014
908 4223 3128 11.496813041508366
909 3128 4812 16.189238631842663
910 4812 2445 13.80972969709371
911 2445 3486 197.26190082252435
912 3486 3483 26.9190143244293
913 3483 3454 26.129759027276826
914 3454 2238 13.564800870888474
915 2238 3554 5.157805959249717
916 45 4523 194.84619744465374
917 4523 1042 252.81409917676743
918 1042 4738 247.46742693730874
919 4738 4730 9.96275290434673
920 4730 3513 1.1151835799920047
921 3513 4677 273.9492659813445
922 1044 4607 252.33397114862422
923 4607 4277 195.45488195416235
924 3616 1422 137.74053179538816
925 3622 3617 142.70788671537798
926 4104 2460 17.8651463193179
927 2460 2465 15.896858755395554
928 2465 240 18.185120643572468
929 240 4169 60.762638625465215
930 4169 2240 5.450049221096966
931 2240 4171 35.00434726145141
932 4171 365 15.327124290567983
933 365 323 2.7546274363208525
934 323 4202 38.54374711273841
935 4202 296 39.30304216822136
936 296 4235 38.048871564085225
937 4235 4191 15.855705628154702
938 4191 493 52.52303795576487
939 493 4199 73.22353767429223
940 4199 4234 29.818224519037184
941 4234 3523 9.18525338803816
942 3523 3526 27.122957377914705
943 3526 4198 2.9596472731051855
944 4198 2052 42.8765445335703
945 2052 2044 46.211476183024665
946 2044 2225 30.03143826073385
947 2225 1747 112.1896900111207
948 4405 4404 294.5918537671225
949 4404 3851 243.1584647998983
950 3851 4431 50.07512802534101
951 4431 3862 43.75781541777934
952 3862 4589 43.83908948167295
953 4589 4767 692.5711837010482
954 1775 3911 68.59531946578244
955 3911 3796 107.12856181442757
956 2957 3281 65.13832408018463
957 3281 3282 81.50177789919886
958 3282 3283 149.2284513043185
959 1756 1752 62.27926218412962
960 1752 3827 69.98268731638426
961 3827 1140 72.61450088649433
962 1140 1751 83.70425316563767
963 1751 1141 84.94178761954142
964 1139 4408 83.47267288101907
965 4408 1204 88.56991373397851
966 1204 3017 77.55637343017806
967 3017 4406 68.69548694018957
968 4406 4405 63.590552865766995
969 973 2309 337.3532176156222
970 2309 1440 75.3687826718573
971 1440 4196 40.992711902322874
972 4196 4197 37.40680360703538
973 4197 2870 37.35328228597828
974 2870 4189 42.29715375263457
975 4189 4243 67.64179275482454
976 4243 4227 95.67435329492207
977 1309 1352 204.74877308145363
978 1352 1349 36.60844571401931
979 1349 4221 36.49490909207418
980 4221 4212 41.69480453955502
981 4212 1345 71.62861751389033
982 1345 251 220.8095526730652
983 251 1310 118.41298747589488
984 1310 4295 77.66459383860753
985 4295 3713 273.9688384207358
986 3713 3878 172.46604319106387
987 3878 3699 184.94699139413422
988 3699 3594 194.47407606380798
989 3594 3591 49.69376664196448
990 3591 3966 304.4581710753325
991 3966 3290 241.4164443724479
992 3290 2517 5.684757792287755
993 2517 3084 216.93441683246837
994 3084 3078 40.68853372015025
995 3078 3089 14.711813205403482
996 3089 3088 298.7032508393141
997 3088 3125 154.6632834766897
998 3125 3121 225.84697154513512
999 3121 3120 48.56252015780438
1000 3120 3530 153.8560364300995
1001 3530 2269 26.6834731493543
1002 2269 3541 76.13065804454547
1003 3541 3967 38.09621194739835
1004 3967 3539 36.53711045157621
1005 3539 3540 16.250632754290017
1006 3540 3525 65.97829191967489
1007 3525 3129 173.30316632615774
1008 3129 3155 197.45172064035026
1009 3155 2641 105.06752108239544
1010 2641 2632 54.99267656694717
1011 2632 2650 64.40600582534738
1012 2650 2922 55.73719423571219
1013 2922 2901 53.699755929284144
1014 2901 3985 170.81301852558713
1015 3985 2887 235.7833599559641
1016 2887 4260 150.24784821280048
1017 4260 3136 81.35879299044441
1018 3136 3066 57.64492251195175
1019 3066 939 28.130427918079288
1020 939 3126 139.12117185220674
1021 3126 2346 37.04415571535408
1022 2346 3392 102.91244304255841
1023 3392 2351 38.301697041984625
1024 2351 1990 68.39731137530215
1025 1990 1987 69.96485005590301
1026 1987 2055 85.07197171742634
1027 2055 2032 58.314055465416736
1028 2032 3364 56.55338425508777
1029 3364 3363 144.85011050076426
1030 3363 2212 74.73478663244943
1031 2212 3197 11.418553027182853
1032 3197 2252 83.96761299256107
1033 2252 3561 29.255920049631175
1034 3561 2159 33.194956736780554
1035 2159 2187 59.78774791136311
1036 2187 1297 45.45209622263172
1037 1297 1295 65.44191595591698
1038 1295 1168 39.95512541258147
1039 1168 3135 14.120766676748865
1040 3135 1163 18.93909710227265
1041 1163 3038 38.56233038372378
1042 3038 1167 20.905462619270555
1043 1167 2722 21.9065902298185
1044 2722 1294 19.151083805277626
1045 1294 4236 71.66151017914129
1046 4236 2150 92.78928976262111
1047 2150 2162 22.585535088886733
1048 2162 2147 21.976002790195498
1049 2147 571 25.292404355711465
1050 571 2192 7.79473216762909
1051 2192 583 29.21152935046383
1052 334 361 120.00528541097188
1053 361 334 120.00528541097188
1054 894 4662 12.146682816839823
1055 4662 894 12.146682816839823
1056 4662 137 5.612967595914942
1057 137 4662 5.612967595914942
1058 137 48 15.455935759552954
1059 48 137 15.455935759552954
1060 48 47 24.05290700862378
1061 47 48 24.05290700862378
1062 47 241 242.37470141078512
1063 241 47 242.37470141078512
1064 330 873 192.73035548729263
1065 873 330 192.73035548729263
1066 871 873 60.02925811734921
1067 873 871 60.02925811734921
1068 873 893 61.9228578347734
1069 893 873 61.9228578347734
1070 273 4651 41.115199702382675
1071 4651 273 41.115199702382675
1072 4651 328 61.715343340939945
1073 328 4651 61.715343340939945
1074 328 4653 14.493034557221641
1075 4653 328 14.493034557221641
1076 4653 3576 32.853988427512014
1077 3576 4653 32.853988427512014
1078 3576 264 57.66289808392761
1079 264 3576 57.66289808392761
1080 264 3579 43.58943772724966
1081 3579 264 43.58943772724966
1082 3579 3573 17.78881323311967
1083 3573 3579 17.78881323311967
1084 3573 359 26.457247399288036
1085 359 3573 26.457247399288036
1086 269 879 12.866528940232174
1087 879 269 12.866528940232174
1088 879 871 276.66534979636356
1089 871 879 276.66534979636356
1090 871 334 37.41571638391908
1091 334 871 37.41571638391908
1092 334 323 32.52551817098843
1093 323 334 32.52551817098843
1094 4283 4266 92.16522447101438
1095 1665 4275 48.340346189406176
1096 4275 4281 23.57648220951277
1097 4531 4223 50.14481653716522
1098 4277 654 83.51482124602211
1099 654 2021 55.602996183453186
1100 2021 2019 16.15664141389865
1101 2019 2016 67.84698714459986
1102 2016 1271 55.291751858489675
1103 1271 1186 37.53211021417144
1104 4698 2128 69.03690118962614
1105 2128 320 120.95560951237739
1106 320 252 44.30448824508659
1107 252 577 45.39674484256974
1108 577 539 43.46998290614941
1109 539 480 51.68609961799248
1110 480 947 36.42730996365786
1111 947 910 19.26181718055033
1112 910 327 11.47837764939366
1113 869 2200 168.5145343326409
1114 2200 2185 33.70268225665488
1115 2185 680 33.043940539203334
1116 680 1278 143.6793463462138
1117 1278 2286 36.07267832295798
1118 2286 2529 31.968971819940585
1119 2529 2521 38.17230661121825
1120 2521 2512 47.033554752899896
1121 2512 2516 41.623850809226035
1122 2516 2488 41.513936777619115
1123 2488 2462 109.15548039523404
1124 2462 2459 50.025973055479085
1125 2497 1261 80.74002339341
1126 1261 2531 19.308079814682603
1127 2531 2461 85.8654623812695
1128 2461 2379 47.324278384555875
1129 2379 305 37.538592630561226
1130 305 600 29.55594775545694
1131 600 593 28.585186220198484
1132 593 487 27.11996688307971
1133 487 459 17.411445051269165
1134 459 441 24.924876376739633
1135 441 979 23.870879140884014
1136 1329 1773 30.251491166396164
1137 1773 1723 23.65052026263012
1138 1723 1746 29.098398194338493
1139 1746 2500 155.0837819740808
1140 2500 2129 107.15678094962023
1141 2129 993 174.78229918217866
1142 993 909 42.70722452497964
1143 909 912 36.017424762460074
1144 912 1109 43.674945768487646
1145 1109 4148 33.21761777488391
1146 4148 1069 30.154519055179556
1147 485 4036 37.334700663340726
1148 4036 591 27.252726294163843
1149 591 4037 26.43151814715188
1150 4037 286 21.664182763158845
1151 286 4038 20.52700074190364
1152 4038 2384 18.994213507407785
1153 2384 2405 17.46054606986157
1154 2405 4039 18.408730722457864
1155 4039 2491 20.247191544949878
1156 2491 4042 26.156818733727576
1157 4042 2498 29.420563459795424
1158 2498 2520 29.29809043431642
1159 2520 4044 25.051102828362847
1160 292 325 48.561870651488924
1161 325 341 55.08567808722084
1162 341 295 34.67090703160307
1163 295 316 42.960324979377575
1164 520 556 27.654675833321818
1165 556 340 11.991370918892223
1166 1262 1276 19.886571967862217
1167 1276 1323 27.607384171657937
1168 1323 1305 25.10805662210973
1169 1305 1749 24.92939546972219
1170 1749 1721 17.17695431476444
1171 2925 2936 16.638624806615766
1172 1918 4569 48.71602394413884
1173 4569 2127 24.622586751377234
1174 2379 3082 32.29514990587018
1175 3082 284 32.86838601412174
1176 517 292 74.63040830362532
1177 3692 2944 54.44995330406608
1178 299 465 10.086808923898468
1179 270 2396 79.79231437848166
1180 2450 3678 55.81184251355545
1181 2406 2472 69.26756565823652
1182 320 313 21.83324252544365
1183 313 321 25.323561967526935
1184 321 551 22.39580718259935
1185 551 2516 19.329537908122486
1186 4041 485 11.650596050598057
1187 1076 1105 31.344396460901407
1188 1105 1120 41.153977197859724
1189 1120 4134 123.67787470302201
1190 465 3314 57.948038269938
1191 3314 292 73.0464059292585
1192 1282 1278 15.460599590606465
1193 1278 1282 15.460599590606465
1194 1278 1256 10.292872941302534
1195 1256 1278 10.292872941302534
1196 2766 2282 28.80987364495047
1197 2282 2287 25.604914021540562
1198 2287 1262 30.106963533105134
1199 2127 4562 20.79871430128061
1200 4562 4560 45.17944860082209
1201 4560 254 42.74371444450466
1202 254 4565 45.95206317389668
1203 3284 2471 39.56937870517445
1204 2471 2425 46.362948133818875
1205 2425 306 64.91117346533728
1206 306 993 165.56096313262069
1207 576 253 50.53392038704799
1208 253 250 53.87049214668357
1209 250 288 57.91179171995614
1210 288 322 62.80060667306556
1211 322 326 65.05727011731256
1212 326 316 53.71569637591138
1213 979 957 26.392621151032806
1214 957 926 22.782979782982665
1215 926 906 26.7479020405023
1216 906 941 29.277320646041044
1217 941 976 33.84703245589649
1218 976 436 39.7720110140245
1219 436 496 39.7595467441903
1220 496 517 38.853235666867484
1221 1832 1918 92.99772140547891
1222 1918 2791 220.77096085179375
1223 2791 1705 111.02176333069897
1224 1705 3745 102.07419904667393
1225 3745 2396 531.4981706066094
1226 2408 2957 200.2384365566835
1227 2957 1704 430.9205658662505
1228 1704 2939 111.70084021276989
1229 2939 743 221.0551903847636
1230 743 2753 92.44167172932724
1231 2975 2964 972.1661737675138
1232 2964 4237 480.6359107333529
1233 4237 3667 43.86107957076505
1234 3667 1724 43.387602031465555
1235 1724 3661 55.64220445741308
1236 3661 1128 53.63729090124405
1237 1128 148 49.54492942170875
1238 148 3895 62.85532781851962
1239 3895 1775 162.98265628662645
1240 1775 1756 207.29706953026908
1241 2604 2611 26.60043090071454
1242 2611 2608 31.785779995397963
1243 2608 1776 36.08966239966076
1244 314 2663 20.41165239295014
1245 2663 2679 39.49917006032673
1246 2679 613 38.62082674242129
1247 613 2677 44.255134555348306
1248 2677 1510 58.67341233666133
1249 2667 314 24.269612642790936
