8211
12694
0 6718 6729 77.45288876490774
1 6729 6730 24.125483018648747
2 6730 2012 59.65941379485204
3 3929 7217 34.227235075239996
4 7217 7165 16.345737643615664
5 7165 6405 20.503279746154977
6 6405 6660 278.97546255892536
7 6660 1205 21.359203414709306
8 1205 1006 27.030264890263606
9 179 5204 95.94740560513908
10 5204 6600 49.01846423482628
11 6600 274 38.844072728546074
12 274 5213 38.230338987159065
13 5213 6594 39.43295025946429
14 6594 6673 33.40118564372123
15 6673 6659 33.83571484931761
16 6659 6607 49.18804451203269
17 6607 6661 36.28378696190862
18 6661 6604 45.5461776931215
19 6604 1358 123.42477262063
20 6097 1725 194.35942135786854
21 1725 3160 19.288466794112484
22 3160 2418 136.7440845006934
23 2418 1723 72.2517659227092
24 1723 3703 169.11370774289537
25 3703 1729 329.7401400489639
26 1729 2235 181.86359505451668
27 2235 455 13.087019815723588
28 2339 1070 84.73193901906473
29 1070 7304 256.5849629398622
30 7304 7124 69.59736950061162
31 7124 4271 25.929821199984218
32 4271 5674 11.734605670386221
33 3575 1381 37.798527389709356
34 1381 1370 124.79853222908513
35 1370 2094 181.3307167937337
36 2094 1372 17.932613504338743
37 1372 6579 24.16541879243879
38 3384 3575 179.7734402298784
39 2878 5184 250.8001271302948
40 5184 4778 363.5008370227523
41 3280 3279 9.53853096689308
42 3279 3319 435.14474151783463
43 3319 907 92.66999632355572
44 907 908 9.224903204599672
45 908 7075 38.19708731274282
46 7075 7074 34.3565317661752
47 7074 7224 33.80653791229549
48 7224 5538 275.92369265129264
49 5538 6164 29.817620060851638
50 6164 6172 8.659014884449654
51 6172 891 71.02481007226237
52 891 2144 211.99619919699524
53 3205 4030 73.73252180304983
54 6707 2213 21.84768427607343
55 2213 6831 13.335656025972087
56 6831 6828 14.693731623320282
57 6828 6708 14.120128464428962
58 6708 6825 16.039641864818602
59 6825 6823 13.176576901353409
60 6823 6868 13.462770833844917
61 6868 6710 14.066735583298362
62 6710 6867 13.459758241967306
63 6867 6866 14.51447098193259
64 6866 6865 11.461878381435278
65 6865 258 13.546186157924348
66 258 6712 15.979693002820847
67 6712 6855 21.199543401568025
68 5951 5136 33.18545349553907
69 5136 5109 23.33790486786877
70 5109 5128 19.178357196970936
71 5128 5138 184.75183573067352
72 5138 5107 19.9460737865954
73 5107 279 12.378909023391962
74 279 5115 3.167046246755636
75 5115 2502 16.164448440889124
76 5137 5915 115.31204227258316
77 5915 4143 164.65668852376876
78 4143 5752 88.12824208645084
79 5752 5718 9.840796276100686
80 4110 1278 105.75168340625649
81 1278 2481 58.631543220903644
82 2481 2459 43.70330816850049
83 2459 2480 41.11541888700651
84 2480 2463 53.54791672395462
85 2463 2444 51.58714435861129
86 2444 2462 52.25408578435537
87 287 379 18.039836367264467
88 379 275 11.382982355709823
89 275 286 14.915608703772955
90 286 377 9.572482736768269
91 377 385 11.308318208876758
92 385 383 12.276933014578177
93 383 255 10.785401115182113
94 255 285 8.067436674313589
95 285 382 9.43785262455086
96 382 276 7.941340033470343
97 276 376 11.150219474701009
98 376 283 12.18889878633615
99 283 363 14.554463085597813
100 363 381 13.665409731211282
101 380 8162 176.66723728716593
102 8162 1272 98.44975849727288
103 7168 7148 26.802763375864558
104 7148 7166 13.302163325055114
105 7166 7136 11.927320030170383
106 7136 7134 15.029066772160071
107 7134 7131 15.67162319885743
108 6707 7008 208.77033224554305
109 7008 7121 34.93992566390532
110 8156 8175 52.69904035848427
111 8175 8165 24.146019002712183
112 1281 6623 32.57576755072487
113 6623 2423 32.269607063976515
114 2423 2422 31.053233532055092
115 2422 2421 23.666137831687877
116 2421 7010 33.27508305512658
117 7010 2426 103.9630201809671
118 3535 2425 132.1819664623647
119 2425 5197 396.4352772902159
120 5301 8156 437.3231469702222
121 8156 3497 90.5780459904625
122 111 108 46.104876074019806
123 108 621 93.02354271500919
124 621 505 18.02584347307947
125 505 913 24.930118448579695
126 913 911 11.34015027243372
127 911 800 42.892620381720235
128 800 2965 24.966421177738543
129 2965 137 38.14821851575806
130 137 6720 8.748061263427163
131 124 7316 75.95787357707755
132 141 207 16.74444618813473
133 207 212 11.604869270662544
134 212 209 13.294370113833674
135 137 1356 13.52954423641233
136 1356 4451 216.34825959549812
137 4451 4990 72.70962733421577
138 4990 4216 176.66055481531734
139 4216 4407 143.1790206184439
140 4407 4369 18.767975890602337
141 4369 1053 13.56181094376552
142 6394 2135 16.572958978517665
143 2135 6394 16.572958978517665
144 2135 1872 10.68972295590965
145 1872 2135 10.68972295590965
146 1872 6397 2.081993461226322
147 6397 1872 2.081993461226322
148 6395 6394 47.736095077275
149 6394 6395 47.736095077275
150 6735 6855 60.61310419137152
151 6855 287 108.58137785874756
152 287 3535 58.71571204586287
153 7092 3408 44.347995983141416
154 3408 2783 53.57912634088
155 2783 4130 53.53470394080871
156 4130 6735 49.48040656955215
157 6980 1238 70.10080077200631
158 209 6979 132.6086827962197
159 6979 6980 60.461858501987905
160 6980 5303 64.1666435188341
161 5303 6972 202.31614043251955
162 6972 6973 123.61224195332791
163 7324 7315 131.25978431346044
164 7315 7316 274.371194517101
165 5130 124 321.8934359178078
166 5951 7150 172.19411395430765
167 7150 6707 108.57067081884804
168 1272 1238 182.85773082286644
169 1238 5131 312.25405761672835
170 2310 2313 268.8741132083544
171 2651 2659 175.38495502483823
172 2659 3493 50.9002253517229
173 3493 2661 57.51533255057919
174 2661 3492 39.388932536672925
175 3492 3496 52.42995973332402
176 3496 2662 50.905182487620024
177 2662 3494 36.919389821811016
178 3494 2663 42.65443827816702
179 2663 2664 155.54399476179663
180 2649 2651 264.9438968527134
181 2741 213 9.77371690718615
182 213 2741 9.77371690718615
183 213 3981 2.1978053077336646
184 3981 213 2.1978053077336646
185 3981 2443 9.445011371976873
186 2443 3981 9.445011371976873
187 2443 1665 36.59588897060548
188 1665 2443 36.59588897060548
189 1665 2788 157.31116266703998
190 2788 1665 157.31116266703998
191 2788 6779 14.745159841226185
192 6779 2788 14.745159841226185
193 6779 5621 70.94381250936887
194 5621 6779 70.94381250936887
195 5621 2856 112.68233729470289
196 2856 5621 112.68233729470289
197 2856 6975 64.49458575895095
198 6975 2856 64.49458575895095
199 6975 386 79.22206929605038
200 386 6975 79.22206929605038
201 386 6341 112.05071882685017
202 6341 386 112.05071882685017
203 6341 1108 204.73827543710934
204 1108 6341 204.73827543710934
205 6397 4696 4.049883375573076
206 4696 6397 4.049883375573076
207 4696 2134 3.782962812408543
208 2134 4696 3.782962812408543
209 2134 5572 395.42461139480304
210 5572 2134 395.42461139480304
211 5572 1427 47.9121895650683
212 1427 5572 47.9121895650683
213 1427 1803 97.62442969156255
214 1803 1427 97.62442969156255
215 1803 5463 12.101341187383333
216 5463 1803 12.101341187383333
217 5463 1933 112.20587470254478
218 1933 5463 112.20587470254478
219 1933 3320 70.87175109110497
220 3320 1933 70.87175109110497
221 3320 6794 11.304731492644798
222 6794 3320 11.304731492644798
223 6794 995 140.9199932275032
224 995 6794 140.9199932275032
225 995 996 12.27362935940389
226 996 995 12.27362935940389
227 7725 1714 26.687863294875555
228 1714 7725 26.687863294875555
229 1714 1707 159.14691761287307
230 1707 1714 159.14691761287307
231 1707 3845 139.06328161313144
232 3845 1707 139.06328161313144
233 3845 7005 122.99506223472325
234 7005 3845 122.99506223472325
235 7005 1705 85.3138942056194
236 1705 7005 85.3138942056194
237 1705 1958 19.590262163571868
238 1958 1705 19.590262163571868
239 1958 4824 96.94733173728537
240 4824 1958 96.94733173728537
241 4824 7664 15.347102149378543
242 7664 4824 15.347102149378543
243 7491 7676 98.73790873866324
244 7676 7491 98.73790873866324
245 7676 6631 66.74312257433895
246 6631 7676 66.74312257433895
247 6631 1221 112.33831671184817
248 1221 6631 112.33831671184817
249 4410 4853 52.60721572674263
250 8176 8178 24.31487173871219
251 8178 4411 317.07870141831506
252 4411 4333 95.65212119039093
253 4333 5912 88.72128768842448
254 5912 4853 50.48440884555659
255 5197 4410 91.65585385977185
256 4940 5301 298.02262715164477
257 3281 2983 26.710140594939602
258 2983 3281 26.710140594939602
259 2983 3866 9.129158210472184
260 3866 2983 9.129158210472184
261 3866 1135 115.21927784969473
262 1135 3866 115.21927784969473
263 1135 1068 129.80634538852493
264 1068 1135 129.80634538852493
265 1068 6294 70.03958162187429
266 6294 1068 70.03958162187429
267 6294 3886 26.270611084130874
268 3886 6294 26.270611084130874
269 3886 6471 55.39393186353105
270 6471 3886 55.39393186353105
271 6471 775 122.06541659229048
272 775 6471 122.06541659229048
273 775 773 60.9073673304598
274 773 775 60.9073673304598
275 773 769 21.367218362899006
276 769 773 21.367218362899006
277 6294 1071 81.20568012665392
278 1071 6294 81.20568012665392
279 1071 4332 264.4758908699147
280 4332 1071 264.4758908699147
281 4332 4333 215.2799163987185
282 4333 4332 215.2799163987185
283 2873 2757 43.36973567986399
284 6326 3422 248.74987182125807
285 3422 3815 45.799921006461204
286 3815 7355 57.030540047654235
287 7355 3873 56.25204526624972
288 3873 7359 148.4149603805603
289 7359 7360 85.60415143880834
290 7360 8060 195.74242440404706
291 1090 7764 55.66633135274864
292 7764 1101 159.00390117015087
293 2622 3129 30.88766476730104
294 3129 4084 23.85596225923674
295 4084 4106 22.804329564817753
296 4106 3172 19.723215785633858
297 159 155 119.624849912905
298 155 7587 26.751271006072752
299 7587 3077 18.89193092344196
300 3077 153 50.56378226845007
301 153 970 95.82357974144338
302 970 4459 39.836762351377104
303 4459 151 109.64141841082048
304 151 3065 64.42265444043737
305 3065 150 56.67706481162719
306 150 5913 73.11059258665571
307 5913 4005 28.91525227054781
308 4005 5362 62.02646370347652
309 5362 3069 47.780721794992296
310 3069 7209 89.44278521063677
311 7209 1574 176.89523360370828
312 1574 8150 104.10707448089175
313 8150 8000 40.175779816731165
314 8000 8003 34.1576545956222
315 8003 8001 39.82137646930614
316 8001 7988 95.91133168958939
317 7988 488 13.299791961576952
318 488 357 11.94581698497866
319 357 7972 10.616125285966778
320 7972 486 10.661443774309541
321 486 7968 10.168672159629148
322 7968 484 9.199958429826097
323 484 7969 10.709516026571816
324 7969 7954 64.63158547652857
325 7954 358 6.981766398521786
326 358 7948 6.216332147305261
327 7948 359 6.726028165442608
328 359 7937 6.787381269216913
329 7937 91 7.195974801055204
330 91 7388 65.93839615864296
331 7388 2632 81.34162234271747
332 2076 2120 73.40460040617847
333 2120 2219 48.36737024437299
334 2219 7475 63.45890348917332
335 7475 2189 95.75099560728475
336 5973 1242 425.13570046544993
337 1242 1275 66.7216504944814
338 2622 951 82.46568688750227
339 6136 7218 389.26123526817673
340 7218 5652 348.66401886793074
341 5652 2076 117.41899133946075
342 2076 5596 95.81836003514616
343 5596 5619 87.275784408953
344 5619 5749 133.6187043133039
345 5749 5764 127.60205173199118
346 2165 6650 133.55077045584676
347 6650 482 522.0907625488201
348 7216 7432 112.79420769011439
349 7227 481 621.0092535234254
350 3143 3139 419.83336416422827
351 7484 353 141.65016996292502
352 353 1418 204.01009352093809
353 3469 3468 336.02944353925443
354 2822 2832 249.98965649866022
355 2884 2878 336.4811140701554
356 3468 4288 415.0081548407157
357 4288 438 353.3926342829055
358 1668 7582 109.82295748933039
359 7582 5631 235.01808297412245
360 1418 1062 398.3414717711198
361 1062 6521 270.63454318125605
362 6521 6519 55.18570853851545
363 6519 6515 29.282552943580118
364 6515 6512 36.43534933306588
365 6512 6522 46.82135301690146
366 6522 3469 176.4446412639743
367 4778 1668 399.4542111718353
368 5651 7550 93.75340877762432
369 7550 5653 162.95511791292714
370 5653 4047 264.0412561664421
371 4047 7569 31.264798735738115
372 3109 3110 59.35076562120213
373 3110 3259 22.536003595092435
374 3259 3114 28.813627048403013
375 3114 3808 15.47982304093936
376 3808 3868 14.641815032618519
377 3868 3115 17.811089761151493
378 3115 3985 69.83941004687138
379 3985 3112 15.566903174986885
380 3112 3830 21.2267321181578
381 3830 3113 18.173223278449704
382 3113 3820 16.191465104417308
383 3820 2854 51.6348131562706
384 2854 2852 13.999949517809094
385 2852 5346 35.786115446647656
386 5346 2414 26.703391860536318
387 2413 2412 92.0958729127658
388 2436 5343 32.879214327867984
389 5968 1954 33.25937128792018
390 1954 3097 84.52924583442386
391 5525 1975 18.662522110704227
392 1975 5379 26.85046532493577
393 5379 846 18.706894738446167
394 846 1979 15.992940477401225
395 1979 1931 16.138782599278446
396 1931 5371 22.937904805431298
397 5170 3506 98.31661873162204
398 3506 2260 328.9971667736794
399 2260 5151 127.79111496593494
400 5151 5150 146.71531353659296
401 2161 4808 131.24639560388357
402 1340 1341 16.599853668639188
403 1341 2609 9.43785262455086
404 2609 964 36.294092898378715
405 964 5226 108.78755221044048
406 5226 1471 28.98948884108887
407 1471 2587 125.13425958672597
408 2587 5224 9.714526555666659
409 5224 4688 11.694602964822964
410 3990 5946 16.64539370352594
411 5946 1908 22.418530676366885
412 1908 6523 64.99497478819866
413 6523 4665 73.6805585237741
414 4665 3775 121.73081253141548
415 3775 3688 112.1028632585551
416 3688 1495 84.04897975831253
417 1495 1738 120.3175762725097
418 1738 3776 48.07845550699849
419 3776 4558 76.23735606744252
420 4558 4004 20.57326562454658
421 4004 5638 12.478968604960272
422 5638 4524 46.10135758772238
423 4524 138 165.9112446652817
424 138 6509 117.96158431757335
425 6509 83 44.02729266707224
426 83 6493 54.163618255651095
427 6493 3938 187.657141481135
428 3938 5943 15.235125329798727
429 1091 5844 355.2617552435451
430 5448 1091 419.10994028511277
431 6915 7514 156.18254674565878
432 7514 2997 98.5744908466442
433 2997 6917 89.16305381325087
434 7119 7120 50.70411970098503
435 7120 3668 27.26809842874276
436 3668 3764 28.36141964694425
437 3764 1377 22.207704810867714
438 1377 4526 31.872701201616522
439 3928 405 15.030865547388093
440 4538 8074 12.330036559829766
441 8074 3695 7.6276118343084915
442 3695 7763 24.587425736695145
443 7763 6563 162.460625920991
444 6563 5430 31.477661796971404
445 5430 3722 11.11865416914479
446 3722 5500 11.796647358592796
447 5500 7660 463.4507182601526
448 7660 387 306.76370210794835
449 4516 4517 134.84505116875602
450 4517 3331 19.886571967862217
451 3331 4527 21.39756355397752
452 4527 1546 25.626374440601975
453 1546 2581 96.52541557345762
454 2182 4509 94.75294867951601
455 4509 3329 10.097970605883607
456 3329 2915 70.84173566859637
457 2915 4551 51.3220675001746
458 4551 4542 16.520129286565176
459 4542 4543 24.39442724105073
460 4543 1555 14.562510210938331
461 1555 5717 20.655670492533787
462 5717 4357 72.91223959689013
463 2963 3344 98.1299104012498
464 3344 2963 98.1299104012498
465 3344 7696 4.955529620091568
466 7696 3344 4.955529620091568
467 7696 424 9.98488987268113
468 424 7696 9.98488987268113
469 424 416 3.122629465278454
470 416 424 3.122629465278454
471 416 3895 23.13818499173075
472 3895 416 23.13818499173075
473 3895 350 15.648316662031066
474 350 3895 15.648316662031066
475 350 3140 165.53997819856997
476 3140 350 165.53997819856997
477 3140 409 42.002852404775645
478 409 3140 42.002852404775645
479 409 428 133.70102865888498
480 428 409 133.70102865888498
481 428 6410 79.41271945146755
482 6410 428 79.41271945146755
483 3626 3624 183.7095318127369
484 3624 3626 183.7095318127369
485 3624 3630 110.10745307124058
486 3630 3624 110.10745307124058
487 3630 3628 75.82261917545004
488 3628 3630 75.82261917545004
489 3628 3632 19.75243673341954
490 3632 3628 19.75243673341954
491 3632 3542 127.89540691305955
492 3542 3632 127.89540691305955
493 5719 4355 8.605773104242907
494 4355 5719 8.605773104242907
495 4355 665 246.93649064985448
496 665 4355 246.93649064985448
497 665 1184 39.145777675065965
498 1184 665 39.145777675065965
499 1184 5728 159.68892415759362
500 5728 1184 159.68892415759362
501 5674 4274 10.772442158754332
502 4274 492 74.53090189413315
503 492 4184 21.156565128284594
504 4184 827 31.308293098699004
505 827 2323 62.777427257108705
506 2323 4347 75.40285241481884
507 4347 2322 57.66500789226237
508 2322 2326 81.14861865496707
509 2326 7852 39.02241967294484
510 3051 396 52.20896749558299
511 396 398 77.61061861347167
512 398 399 59.30420827980699
513 399 400 96.24281405410059
514 400 7512 97.19386314141255
515 3763 4065 33.52923300154545
516 7511 3763 56.123253432165875
517 375 369 57.104128890688145
518 369 370 23.789572888343297
519 370 4117 36.05468646255156
520 4117 5847 118.29382288391214
521 5847 5858 42.55597582516917
522 5858 1518 121.93577964159765
523 3698 1831 717.3859598666814
524 6717 6718 720.4248049945579
525 1831 3697 195.46739961127082
526 7980 7862 8.779424715116614
527 7862 5822 158.63799935822232
528 5822 3401 126.59328816467254
529 3401 5625 12.286471917442094
530 5625 5634 13.51054744115576
531 5634 4448 21.015099513511128
532 4448 4446 94.94136219367232
533 4446 4450 82.43951019227406
534 4450 3448 10.898444782405061
535 4893 3753 72.61003295864367
536 3753 4893 72.61003295864367
537 3753 3766 76.88445669028953
538 3766 3753 76.88445669028953
539 3766 4901 164.80652885996653
540 4901 3766 164.80652885996653
541 4901 3899 231.6219950768243
542 3899 4901 231.6219950768243
543 3899 7366 100.76421935589119
544 7366 3899 100.76421935589119
545 7366 4657 95.21973442785122
546 4657 7366 95.21973442785122
547 4657 646 46.65012394512915
548 646 4657 46.65012394512915
549 646 4690 80.97474459867888
550 4690 646 80.97474459867888
551 4690 6804 277.0420290972759
552 6804 4690 277.0420290972759
553 6804 4444 8.64964308999415
554 4444 6804 8.64964308999415
555 4544 5116 14.810410975869344
556 5113 7330 74.41794289784875
557 7330 7329 92.69736720401485
558 7330 5198 37.28881029280034
559 5198 4045 27.13690866305064
560 4045 5196 27.359820484834362
561 4500 4497 38.27627774585608
562 4497 2979 40.433582517864345
563 2979 4486 69.59024743890784
564 4458 4457 13.907919005897863
565 4457 3966 15.35825492822469
566 3966 4461 16.485726533913148
567 4461 4460 16.57241520166645
568 4460 3905 8.57850306606016
569 3905 3917 8.41034841326748
570 3917 3920 9.403414774612108
571 3920 4464 9.262924102851859
572 4464 3919 8.455765319515782
573 3919 3916 9.291095191855124
574 3916 4463 11.341342236798285
575 4463 3958 7.309666252066379
576 3958 3963 6.416081481262302
577 3963 3961 7.528910695242789
578 3961 4429 6.815867792776285
579 4429 4421 12.011645019270485
580 4421 3936 11.225132393160669
581 3936 3943 12.140746021364535
582 3943 4438 13.431608134160017
583 4438 4000 18.29135603420848
584 4000 4434 117.525356283171
585 4434 4053 21.72068222352403
586 4053 4432 25.344371691257603
587 4432 4447 15.655801553700558
588 4447 4089 14.988837880215037
589 4089 5650 13.557490996036522
590 5650 4096 15.22299439095312
591 4096 4093 14.878404694086443
592 4093 5470 33.59233591408776
593 680 3740 74.29832330461177
594 3740 3529 293.28882620348134
595 3529 3945 283.6736889569781
596 5132 680 50.17032976898766
597 5106 5132 484.7743417274755
598 5108 5106 49.14515418748735
599 52 50 15.577320078533763
600 50 59 18.279034804662732
601 59 58 17.520828760667747
602 58 56 17.082784302389488
603 56 92 20.428422688117273
604 92 658 18.781415875059754
605 658 656 17.60958654673521
606 656 3517 16.279720774418102
607 3517 3515 18.59528001970255
608 3515 655 18.261771117225372
609 655 3988 155.84607768559795
610 3988 3998 22.093381290836202
611 3998 661 23.68060345477298
612 661 660 14.132887234958734
613 660 3978 17.140715420145664
614 3978 659 22.35210525428239
615 44 55 27.010420408597295
616 55 3953 25.44851918322638
617 3953 54 24.232080088665473
618 54 3511 21.512652471056267
619 3511 52 14.827438636388509
620 3063 23 75.16212155948391
621 23 21 94.66645526158594
622 21 30 160.03229292046484
623 30 4028 28.31323958466503
624 4028 26 28.139076289188438
625 26 64 31.187020638154635
626 64 44 146.58297723727435
627 7308 4057 18.764134126908107
628 4057 7306 18.31277521195395
629 7306 7305 106.96372458399303
630 7305 3939 20.48085135685716
631 3939 3959 16.623452475752856
632 3959 7296 15.470505563281735
633 7296 3912 19.072101177114003
634 3912 7293 14.360606846144965
635 7293 7290 27.339391148226095
636 7290 7289 32.15294173943181
637 7289 7288 44.3343789928092
638 7288 7287 52.64942530945519
639 7287 3070 77.82038917737951
640 7323 7322 14.931611122547256
641 7322 4011 16.02671414688446
642 4011 7321 15.240448057701977
643 7321 7312 17.23613750773566
644 7312 4014 15.95853064020139
645 4014 7311 16.702413913725678
646 7311 4016 13.548846968430844
647 4016 7303 15.666159346136093
648 7303 4007 14.318499989414711
649 4007 7301 12.881928741004696
650 7301 4054 13.920224895147832
651 4054 7308 13.874183916180456
652 5482 5481 25.869799794749724
653 5481 4085 19.20911076251262
654 4085 5468 21.083600202893216
655 5468 4102 26.94043147724061
656 4102 5470 30.699195107000378
657 5470 5469 38.21253761122357
658 5469 4101 23.04139167422238
659 4101 4100 20.329809917406028
660 4100 3034 62.41729823918815
661 5196 5485 31.699757612527133
662 5485 5492 28.374126803802117
663 5492 5490 28.016952036714848
664 5490 5483 25.70327322477916
665 5483 4012 22.96754808957503
666 4012 4018 27.875710330539626
667 4018 5482 28.611183572822874
668 7329 7333 49.45754403065362
669 7333 7332 220.0882541226195
670 7332 7331 109.78274174465133
671 7331 7320 20.883466170114268
672 7320 7319 19.072337432881042
673 7319 3980 21.74369680838893
674 3980 7318 18.431235889743107
675 7318 7317 16.230656554047794
676 7317 4055 12.824084134704608
677 4055 7323 12.740185050331553
678 4474 4473 190.76943836234315
679 4473 4483 87.69457135153046
680 4483 4482 37.93311308005966
681 4482 3979 25.945803457872376
682 3979 3972 18.62868952525202
683 3972 3975 17.979038299152016
684 3975 4469 16.781003810178362
685 4469 3991 16.496109523395102
686 3991 4485 13.53919904239161
687 4485 4458 15.302704205451652
688 4486 4474 49.32252155975871
689 2218 3974 24.78128491952963
690 3974 3740 46.5230319476569
691 1193 1195 49.075607002476076
692 1195 1188 89.02898274109864
693 1188 1208 39.85157695941245
694 1208 3914 39.35288141475673
695 3914 1207 38.7821953156426
696 1207 1210 44.64894116220738
697 3718 3711 18.736498272579095
698 3711 3709 17.607027571709455
699 3709 3708 19.595321691585497
700 3708 4091 19.816434718685485
701 4091 2246 18.140962065450587
702 2246 2245 18.944568389175824
703 2245 2243 19.604057800710542
704 2243 4024 17.670380786056928
705 4024 2241 98.40246802662045
706 2241 3982 56.07891794732418
707 3982 2240 32.52344007999873
708 2240 2239 18.828380270696467
709 2239 2218 16.83247940289301
710 1206 3759 20.001343984413037
711 3759 4087 19.324175618605224
712 4087 3758 18.82455083449055
713 3758 4095 19.036866302345167
714 4095 3718 17.213116915555705
715 1210 1209 123.38643385993232
716 1209 1213 18.55889712431314
717 1213 4009 27.097693936877008
718 4009 1206 20.72840271847359
719 659 3825 21.507834478105778
720 3825 5137 39.92195592297665
721 2569 2572 162.05145624459263
722 2572 661 45.39178174649323
723 1195 3509 26.826624953096168
724 3509 654 23.68307695273216
725 654 2569 100.43545673894408
726 2979 2935 68.21616876399844
727 2930 1049 39.46219200864957
728 1049 1046 39.749345798129355
729 1046 7289 54.324768928474086
730 2935 2932 50.628437421536006
731 2932 2928 41.07013244252247
732 2928 3965 38.69099879967685
733 3965 2930 34.10246936584143
734 3188 3205 115.56723811940591
735 3068 3923 64.55317597919512
736 3062 3068 116.01622808053071
737 5805 5782 180.47283157180615
738 5782 2240 90.00624818008204
739 21 4098 28.40824912332139
740 4098 5275 20.20753961512191
741 5275 5273 21.722756608942003
742 5273 5805 37.14473420507872
743 8182 8181 53.06245723360695
744 8181 2734 45.00797987305215
745 2734 8189 51.09407916500011
746 8189 8188 60.31098063993634
747 8188 8192 153.18737586700215
748 8192 915 185.21513456299667
749 915 5974 297.4198119889926
750 8194 999 188.7297892286789
751 999 985 446.2278239509034
752 985 981 0.8955747208262521
753 981 8199 56.26806345838323
754 8199 8184 61.2895322928323
755 8184 8183 49.30113955691046
756 8183 8186 251.5233193882998
757 8186 2277 141.0767755371339
758 2277 8180 87.42991440509266
759 8180 3369 93.75033279638944
760 3369 8179 41.47484397896385
761 8179 3847 51.55455407054352
762 3847 8182 77.00713923337094
763 6991 5140 485.41380774242833
764 5141 6991 50.4856583823143
765 5140 4063 48.77259719566328
766 7997 7375 14.777516508707684
767 7375 7700 18.082248465553977
768 7725 6986 369.2021241838151
769 6986 2614 94.84658462675239
770 2614 1219 130.85284405443656
771 1219 95 144.228431063213
772 95 7662 24.396643673713463
773 6099 7110 44.78960237125164
774 7110 6099 44.78960237125164
775 7110 5396 139.14125125413014
776 5396 7110 139.14125125413014
777 5396 5028 40.733359460700775
778 5028 5396 40.733359460700775
779 996 6271 126.06550820329667
780 6271 996 126.06550820329667
781 6271 4521 180.00473653745365
782 4521 6271 180.00473653745365
783 4521 1601 39.55411665137815
784 1601 4521 39.55411665137815
785 1601 3778 108.43325307106682
786 3778 1601 108.43325307106682
787 3778 101 148.76835849773695
788 101 3778 148.76835849773695
789 2614 4445 79.37469417556176
790 4445 2614 79.37469417556176
791 4445 7943 114.13556119721589
792 7943 4445 114.13556119721589
793 7943 3885 87.89134913573716
794 3885 7943 87.89134913573716
795 3885 4019 70.28888226904081
796 4019 3885 70.28888226904081
797 4019 4498 137.4131424232165
798 4498 4019 137.4131424232165
799 4498 388 96.39031901560732
800 388 4498 96.39031901560732
801 388 4981 74.41043446009972
802 4981 388 74.41043446009972
803 1581 7411 289.0913054373494
804 7411 1581 289.0913054373494
805 7995 6204 65.67724808847647
806 6204 4031 37.30065058045851
807 4031 3273 86.81964166232343
808 3273 5710 36.46328780673268
809 5710 6205 28.909797635807603
810 6205 5380 135.32208319438146
811 5380 7449 77.67770473417706
812 7449 1346 21.104534067077672
813 1346 774 52.28305137048808
814 774 5937 27.827498936101534
815 5937 996 292.7880733174899
816 996 4379 53.960167089354144
817 87 5272 12.939862987151958
818 4688 5076 12.856719462949101
819 4622 1276 34.30311144275619
820 1276 5691 20.864038280115395
821 5691 5693 55.71018637113309
822 5693 5695 43.8129747712614
823 5695 2786 34.331078884028656
824 2786 2782 16.91579315470198
825 2782 5696 17.60088451369667
826 8103 6214 160.97075102434871
827 6214 6218 176.22104811640557
828 6218 6220 36.02655619265357
829 6220 6291 32.75440381053475
830 6258 7755 126.6355308225151
831 7755 6320 108.20712541118021
832 6320 5215 155.62051149272324
833 6291 6248 35.93526286416298
834 6248 6251 41.78785630750549
835 6251 6254 48.5111823661841
836 6254 6258 152.04584244218898
837 5289 7678 23.658901703409004
838 7678 6376 24.372251828394287
839 6376 2214 35.45901057849407
840 1101 819 84.66618481565135
841 819 768 38.2721572889724
842 768 7195 40.63966723863852
843 7195 1366 27.69521699685765
844 1366 1199 33.07923931790676
845 1199 7499 41.073313992308904
846 7499 1162 36.14006802617752
847 1162 8058 52.36916367683612
848 8102 8128 94.13922098340252
849 8050 8052 31.1783505924954
850 8052 8054 31.074121359662797
851 8054 8056 30.201701310148856
852 8056 8057 30.060681853721757
853 8057 8058 43.43472558951189
854 2189 2190 90.37590022936625
855 2190 8050 46.57665791958766
856 8050 2580 41.92973341966679
857 2580 7502 33.815999859699865
858 7502 2549 32.786716094022985
859 2549 2619 36.31953478852084
860 2619 2420 44.80589692482872
861 2420 5302 38.6891354080052
862 5302 7684 36.12460447299149
863 7684 7682 30.97099625968733
864 7682 7719 23.80207049581056
865 7719 767 60.954696086790285
866 767 7751 78.00372116724968
867 8126 7762 97.73311197403935
868 7762 932 228.90011848174007
869 932 1252 45.742035374041144
870 1252 3409 50.1476919163906
871 3409 8136 212.1779342536785
872 8136 8133 58.598487759632114
873 8133 7443 48.29446389245233
874 7443 2736 41.26757982611241
875 2736 7444 53.91079328615133
876 5974 7713 125.10372048401713
877 7444 2787 38.068051512571465
878 2787 7445 39.58247204417325
879 7445 3236 51.1504888111998
880 3236 7430 41.194687097026794
881 7430 902 116.19657144363077
882 902 816 203.29120602696423
883 816 904 253.362899457807
884 904 903 49.045482136074206
885 903 987 62.86199437361634
886 987 990 55.69950899380441
887 990 998 447.0885083841732
888 998 7440 191.12911116124343
889 2260 2259 51.26646189754384
890 2259 2262 111.38906721628712
891 2262 820 126.72324519607405
892 820 3306 81.79999879924927
893 3306 3313 26.689551620100076
894 3313 3334 30.96372098339381
895 3334 3294 24.423594160320604
896 3294 3242 21.48163083863365
897 3242 3440 25.78658356630906
898 3440 3433 21.11648695759212
899 3433 3392 23.2314719645689
900 3392 3356 24.626246469999028
901 3356 4211 20.232943618449525
902 4211 4208 17.32271249722336
903 4208 4240 19.501507937866712
904 4240 4182 20.44562000344685
905 4182 902 41.367039367952025
906 3409 3416 50.93438438311203
907 3416 3414 30.619538876105608
908 3414 3418 90.01896311183283
909 3418 1265 34.17282150317811
910 1265 3417 29.73378389538984
911 2671 5684 7.493517030368303
912 5684 82 221.15606666307664
913 82 5636 364.92419914719676
914 5636 5605 15.488844002392852
915 5605 4246 154.29190666732407
916 4246 1951 76.25567606198713
917 1951 1945 21.985637477316367
918 1945 1231 36.44820863577747
919 1231 4247 171.36629805255566
920 4247 4775 264.31748289723447
921 4775 2764 22.527004352019947
922 4826 5281 11.967297878966752
923 5281 4826 11.967297878966752
924 5281 180 188.1977012689277
925 180 5281 188.1977012689277
926 180 210 398.9326353577467
927 210 180 398.9326353577467
928 210 2404 21.8884822054933
929 2404 210 21.8884822054933
930 2404 6468 194.7491154050186
931 6468 2404 194.7491154050186
932 6468 2302 177.17650395966638
933 2302 6468 177.17650395966638
934 2302 427 9.152819135366466
935 427 2302 9.152819135366466
936 427 7269 319.149167488364
937 7269 427 319.149167488364
938 7269 2922 72.20816020556119
939 2922 7269 72.20816020556119
940 2922 2054 218.72312254242445
941 2054 2922 218.72312254242445
942 2054 2939 155.55688534057603
943 2939 2054 155.55688534057603
944 7410 489 264.34918913103263
945 489 8090 68.28390610073653
946 8090 6653 117.57553262801767
947 6653 3158 191.55407816842248
948 3158 783 123.16368736667924
949 783 856 11.390105376827655
950 856 8118 302.61469089955835
951 8118 4010 301.905410089538
952 4010 5888 363.81008247296256
953 5888 4127 10.887689871661411
954 5569 5567 19.414204769000914
955 5567 5569 19.414204769000914
956 5567 515 35.65960150685764
957 515 5567 35.65960150685764
958 515 7491 101.94495307095524
959 7491 515 101.94495307095524
960 7528 3652 270.0775446971777
961 4805 5241 73.50704142874002
962 5241 2727 30.5051302300141
963 2727 5245 35.19075907266754
964 5245 1861 112.73207117603548
965 3872 4950 60.69467360476755
966 4950 6629 56.41969001001658
967 6629 3635 84.08446252951828
968 3635 2987 48.413555733729375
969 2987 5900 62.08223011011427
970 5900 2986 60.08702813164436
971 2986 2984 82.22596078493613
972 2984 8185 31.96685754918872
973 2278 305 11.296358059354874
974 305 2278 11.296358059354874
975 5077 2604 11.289175887562154
976 2604 5077 11.289175887562154
977 2604 5518 183.15274945176927
978 5518 2604 183.15274945176927
979 5518 5517 33.791606637329885
980 5517 5518 33.791606637329885
981 5517 169 45.204474873827046
982 169 5517 45.204474873827046
983 3175 3489 133.29795807941076
984 3489 2467 87.78418713877092
985 2467 6617 32.968719728458524
986 7121 7065 191.85742549221234
987 7065 7068 170.29525297813905
988 7068 4020 53.379272067232726
989 4020 7070 51.572468171991126
990 7070 6626 47.825683734251754
991 6626 7071 54.27830033001117
992 7071 4217 88.32956323184513
993 1358 394 145.75772072398587
994 1170 3357 70.45919723224952
995 3357 6605 49.631525448599184
996 6605 3355 45.06500863315442
997 3355 6606 35.50485469264892
998 6606 3353 42.02376612870127
999 3353 3351 36.53526053686558
1000 3351 6593 29.408921336527982
1001 6593 3349 35.25497794069354
1002 3349 342 38.976666700283594
1003 342 3386 39.94474880536512
1004 3386 6598 41.516758721145514
1005 6598 3384 94.29771034898036
1006 3724 657 129.04554035252724
1007 657 707 165.48555739586604
1008 707 4074 32.08125013802651
1009 4074 3946 101.8785437054751
1010 4748 3537 158.78406965346596
1011 6500 4198 22.652469505588815
1012 4198 4197 19.845745458021742
1013 4197 4191 14.808585422400709
1014 4191 4190 16.04862891797638
1015 4190 4189 23.927440816755038
1016 4187 4195 36.147174053057846
1017 4195 4193 16.91845668164455
1018 4193 4168 21.322042257648885
1019 4168 4176 27.421181495806103
1020 5604 5600 34.527391195173564
1021 5600 5599 21.887452890690287
1022 5599 5595 14.051030910005545
1023 5595 5588 25.955179764915037
1024 5588 5594 77.65548452408444
1025 5594 5593 8.23329141805861
1026 5593 5591 19.591412171037742
1027 5589 5578 28.54606687496734
1028 5578 5577 62.34398205298992
1029 5577 5767 24.27629552054416
1030 5767 5766 16.440018292855484
1031 5766 5765 15.57240185353101
1032 5765 2399 15.460599590606465
1033 2399 5770 30.13688142300295
1034 5769 5768 127.58252253620587
1035 5768 5769 127.58252253620587
1036 5768 5763 22.057661350014154
1037 5763 5768 22.057661350014154
1038 5763 5762 19.612790018517977
1039 5762 5763 19.612790018517977
1040 5762 685 15.539090625696808
1041 685 5762 15.539090625696808
1042 685 4176 17.134405179870406
1043 4176 685 17.134405179870406
1044 4176 5761 32.66555264893312
1045 5761 5760 45.80995494699273
1046 5760 5759 29.134610841388803
1047 5252 2331 15.4393094119559
1048 2331 5252 15.4393094119559
1049 2331 4572 94.58883891200885
1050 4572 2331 94.58883891200885
1051 4572 5234 195.21687088316662
1052 5234 4572 195.21687088316662
1053 5234 5250 148.62417750234547
1054 5250 5234 148.62417750234547
1055 5251 5250 157.42646725962283
1056 5250 5251 157.42646725962283
1057 5250 4854 270.852380428657
1058 4854 5250 270.852380428657
1059 4854 4886 109.73319046553141
1060 4886 4854 109.73319046553141
1061 4886 5248 129.01536827836838
1062 5248 4886 129.01536827836838
1063 5236 4852 109.23561644715686
1064 4852 5236 109.23561644715686
1065 4852 4864 109.7248544564689
1066 4864 4852 109.7248544564689
1067 4864 4599 118.86495085531776
1068 4599 4864 118.86495085531776
1069 4599 5234 153.4347868785551
1070 5234 4599 153.4347868785551
1071 5227 5228 421.7334860063311
1072 5228 5227 421.7334860063311
1073 5228 4973 3.435915470248671
1074 4973 5228 3.435915470248671
1075 4973 333 17.212331579939534
1076 333 4973 17.212331579939534
1077 333 4889 402.2885920962644
1078 4889 333 402.2885920962644
1079 4889 5229 267.02485715014603
1080 5229 4889 267.02485715014603
1081 5229 2398 20.48151136592424
1082 2398 5229 20.48151136592424
1083 5396 5314 75.432128139514
1084 5314 5396 75.432128139514
1085 5314 3166 52.75014632377095
1086 3166 5314 52.75014632377095
1087 3166 4081 29.960385210882723
1088 4081 3166 29.960385210882723
1089 4081 7310 17.75382330163641
1090 7310 4081 17.75382330163641
1091 7310 5237 56.90936964796361
1092 5237 7310 56.90936964796361
1093 5095 2178 20.692286321749933
1094 2178 7496 156.8180963525947
1095 2450 5982 64.45852527726599
1096 5982 6801 92.59712996033664
1097 6801 2613 6.007697864093907
1098 2613 1340 15.218553826594666
1099 5647 1562 108.24642797853252
1100 1562 5647 108.24642797853252
1101 1562 2106 22.35976429561361
1102 2106 1562 22.35976429561361
1103 2106 5646 34.34236444817361
1104 5646 2106 34.34236444817361
1105 2939 485 57.48586804780192
1106 485 2939 57.48586804780192
1107 4103 4080 11.047098535773008
1108 4070 6166 8.344189815044812
1109 6166 4070 8.344189815044812
1110 6166 1517 8.133630424521689
1111 1517 6166 8.133630424521689
1112 1517 5400 38.76313623985944
1113 5400 1517 38.76313623985944
1114 5400 5392 5.7407588394499225
1115 5392 5400 5.7407588394499225
1116 5392 7385 142.04000843149484
1117 7385 5392 142.04000843149484
1118 7385 6924 37.76895200581141
1119 6924 7385 37.76895200581141
1120 6924 5933 8.532683309547146
1121 5933 6924 8.532683309547146
1122 5933 6965 14.417912344327917
1123 6965 5933 14.417912344327917
1124 6965 6132 110.72211888406227
1125 6132 6965 110.72211888406227
1126 6132 7376 159.4791067469209
1127 7376 6132 159.4791067469209
1128 7376 4670 44.89852245942555
1129 4670 7376 44.89852245942555
1130 4670 5044 7.599203497866349
1131 5044 4670 7.599203497866349
1132 4762 6976 9.812366536386081
1133 6976 4762 9.812366536386081
1134 6976 7944 57.91988304503221
1135 7944 6976 57.91988304503221
1136 7944 7041 173.3835403926592
1137 7041 7944 173.3835403926592
1138 7041 2427 10.460487800107277
1139 2427 7041 10.460487800107277
1140 2427 7023 12.62150384675308
1141 7023 2427 12.62150384675308
1142 7023 6939 155.21168638543816
1143 6939 7023 155.21168638543816
1144 6939 4673 161.600239929915
1145 4673 6939 161.600239929915
1146 4673 4745 7.808016519444556
1147 4745 4673 7.808016519444556
1148 7515 7571 12.253053268892028
1149 7571 7515 12.253053268892028
1150 7571 5354 11.204239437671696
1151 5354 7571 11.204239437671696
1152 5354 1680 11.591660282578063
1153 1680 5354 11.591660282578063
1154 1680 2743 8.714516970810315
1155 2743 1680 8.714516970810315
1156 2743 5706 153.10664135226716
1157 5706 2743 153.10664135226716
1158 5706 2712 34.61055184423803
1159 2712 5706 34.61055184423803
1160 2712 5935 9.55835082206469
1161 5935 2712 9.55835082206469
1162 5935 2681 11.437478818668282
1163 2681 5935 11.437478818668282
1164 2681 2945 102.81738779200003
1165 2945 2681 102.81738779200003
1166 2945 7045 126.67822180242091
1167 7045 2945 126.67822180242091
1168 7045 2419 11.841253084215184
1169 2419 7045 11.841253084215184
1170 2419 7044 12.034131737898216
1171 7044 2419 12.034131737898216
1172 7044 3020 118.58030070301633
1173 3020 7044 118.58030070301633
1174 3020 5707 34.99224505374989
1175 5707 3020 34.99224505374989
1176 5707 4686 162.71005367544896
1177 4686 5707 162.71005367544896
1178 4686 5936 9.558822222495134
1179 5936 4686 9.558822222495134
1180 5936 3696 4.23267587713597
1181 3696 5936 4.23267587713597
1182 1912 1519 16.241757476318174
1183 1519 1912 16.241757476318174
1184 1519 1733 414.9614978432457
1185 1733 1519 414.9614978432457
1186 1733 2655 8.671494854727763
1187 2655 1733 8.671494854727763
1188 2655 1732 230.95727851617642
1189 1732 2655 230.95727851617642
1190 1732 5486 116.61180584134453
1191 5486 1732 116.61180584134453
1192 5486 1731 56.87246112671709
1193 1731 5486 56.87246112671709
1194 1731 5553 155.0455121354989
1195 5553 1731 155.0455121354989
1196 5553 5534 49.656122764178136
1197 5534 5553 49.656122764178136
1198 5534 1977 130.77527337131218
1199 1977 5534 130.77527337131218
1200 1977 1976 283.16549617781044
1201 1976 1977 283.16549617781044
1202 1912 4358 164.48096261686024
1203 4358 1912 164.48096261686024
1204 4358 117 217.6568096845786
1205 117 4358 217.6568096845786
1206 117 2273 261.66047102009276
1207 2273 117 261.66047102009276
1208 2273 2272 147.6917161298654
1209 2272 2273 147.6917161298654
1210 2272 5688 163.63690013490225
1211 5688 2272 163.63690013490225
1212 5688 4021 32.31690819129444
1213 4021 5688 32.31690819129444
1214 7588 5880 192.3980111943954
1215 5880 7588 192.3980111943954
1216 5880 5365 49.64614008334278
1217 5365 5880 49.64614008334278
1218 5365 2009 30.02153397697278
1219 2009 5365 30.02153397697278
1220 2009 7592 157.3223045433084
1221 7592 2009 157.3223045433084
1222 7592 7049 107.63725812385101
1223 7049 7592 107.63725812385101
1224 7049 6192 165.68999875553845
1225 6192 7049 165.68999875553845
1226 6192 2056 43.99903670261253
1227 2056 6192 43.99903670261253
1228 2056 2028 43.5602771052019
1229 2028 2056 43.5602771052019
1230 2028 7802 46.89203347457731
1231 7802 2028 46.89203347457731
1232 7802 5332 86.52705659260756
1233 5332 7802 86.52705659260756
1234 5332 4335 79.83939698819603
1235 4335 5332 79.83939698819603
1236 4335 6181 102.34527804120437
1237 6181 4335 102.34527804120437
1238 6181 6374 90.91440284142406
1239 6374 6181 90.91440284142406
1240 6374 6180 129.71946527191326
